obj/main.o [32mcreated[0m
bin/EX00 (exec) [32mcreated[0m
--------------------------------------------
bin/EX00 [32mrdy 2 use[0m
--------------------------------------------

3 4 | 4 4 | 5 8 | 6 8 | 7 8 | 8 8 | 9 16 | 10 16 | 11 16 | 12 16 | 13 16 | 14 16 | 15 16 | 16 16 | 17 32 | 18 32 | 19 32 | 20 32 | 21 32 | 22 32 | 
4 6 | 5 6 | 6 6 | 7 12 | 8 12 | 9 12 | 10 12 | 11 12 | 12 12 | 13 24 | 14 24 | 15 24 | 16 24 | 17 24 | 18 24 | 19 24 | 20 24 | 21 24 | 22 24 | 23 24 | 
5 8 | 6 8 | 7 8 | 8 8 | 9 16 | 10 16 | 11 16 | 12 16 | 13 16 | 14 16 | 15 16 | 16 16 | 17 32 | 18 32 | 19 32 | 20 32 | 21 32 | 22 32 | 23 32 | 24 32 | 
6 10 | 7 10 | 8 10 | 9 10 | 10 10 | 11 20 | 12 20 | 13 20 | 14 20 | 15 20 | 16 20 | 17 20 | 18 20 | 19 20 | 20 20 | 21 40 | 22 40 | 23 40 | 24 40 | 25 40 | 
7 12 | 8 12 | 9 12 | 10 12 | 11 12 | 12 12 | 13 24 | 14 24 | 15 24 | 16 24 | 17 24 | 18 24 | 19 24 | 20 24 | 21 24 | 22 24 | 23 24 | 24 24 | 25 48 | 26 48 | 
8 14 | 9 14 | 10 14 | 11 14 | 12 14 | 13 14 | 14 14 | 15 28 | 16 28 | 17 28 | 18 28 | 19 28 | 20 28 | 21 28 | 22 28 | 23 28 | 24 28 | 25 28 | 26 28 | 27 28 | 
9 16 | 10 16 | 11 16 | 12 16 | 13 16 | 14 16 | 15 16 | 16 16 | 17 32 | 18 32 | 19 32 | 20 32 | 21 32 | 22 32 | 23 32 | 24 32 | 25 32 | 26 32 | 27 32 | 28 32 | 
10 18 | 11 18 | 12 18 | 13 18 | 14 18 | 15 18 | 16 18 | 17 18 | 18 18 | 19 36 | 20 36 | 21 36 | 22 36 | 23 36 | 24 36 | 25 36 | 26 36 | 27 36 | 28 36 | 29 36 | 
