Test on vector<int>
1
0
2
1
3
2
4
3
5
4
6
5
7
6
8
7
9
8
10
9
0, 1, 2, 3, 4, 5, 6, 7, 8, 9
444
0
555, 0, 1, 2, 3, 4, 111, 222, 666, 666, 666, 666, 666, 666, 333, 5, 6, 7, 8, 666, 9
back = 666	size = 20	capacity = 32
back = 8	size = 19	capacity = 32
back = 7	size = 18	capacity = 32
back = 6	size = 17	capacity = 32
back = 5	size = 16	capacity = 32
555, 0, 1, 2, 3, 4, 111, 222, 666, 666, 666, 666, 666, 666, 333, 5
vect.size() = 10
0, 1, 2, 3, 4, 5, 6, 7, 8, 9
vect.size() = 5
0, 1, 2, 3, 4
vect.size() = 100
0, 0, 0, 0, 0, 0, 0, 0, 0, 0, 0, 0, 0, 0, 0, 0, 0, 0, 0, 0, 0, 0, 0, 0, 0, 0, 0, 0, 0, 0, 0, 0, 0, 0, 0, 0, 0, 0, 0, 0, 0, 0, 0, 0, 0, 0, 0, 0, 0, 0, 0, 0, 0, 0, 0, 0, 0, 0, 0, 0, 0, 0, 0, 0, 0, 0, 0, 0, 0, 0, 0, 0, 0, 0, 0, 0, 0, 0, 0, 0, 0, 0, 0, 0, 0, 0, 0, 0, 0, 0, 0, 0, 0, 0, 0, 0, 0, 0, 0, 0
vect.size() = 5
1, 1, 1, 1, 1
0, 1, 2, 3, 4, 5, 6, 7, 8, 9
111, 222, 333, 444, 555, 666, 777
Swapping
111, 222, 333, 444, 555, 666, 777
0, 1, 2, 3, 4, 5, 6, 7, 8, 9

Test on vector<A>
1
0
2
1
3
2
4
3
5
4
6
5
7
6
8
7
9
8
10
9
0, 1, 2, 3, 4, 5, 6, 7, 8, 9
444
0
555, 0, 1, 2, 3, 4, 111, 222, 666, 666, 666, 666, 666, 666, 333, 5, 6, 7, 8, 666, 9
back = 666	size = 20	capacity = 32
back = 8	size = 19	capacity = 32
back = 7	size = 18	capacity = 32
back = 6	size = 17	capacity = 32
back = 5	size = 16	capacity = 32
555, 0, 1, 2, 3, 4, 111, 222, 666, 666, 666, 666, 666, 666, 333, 5
vect.size() = 10
0, 1, 2, 3, 4, 5, 6, 7, 8, 9
vect.size() = 5
0, 1, 2, 3, 4
vect.size() = 100
0, 0, 0, 0, 0, 0, 0, 0, 0, 0, 0, 0, 0, 0, 0, 0, 0, 0, 0, 0, 0, 0, 0, 0, 0, 0, 0, 0, 0, 0, 0, 0, 0, 0, 0, 0, 0, 0, 0, 0, 0, 0, 0, 0, 0, 0, 0, 0, 0, 0, 0, 0, 0, 0, 0, 0, 0, 0, 0, 0, 0, 0, 0, 0, 0, 0, 0, 0, 0, 0, 0, 0, 0, 0, 0, 0, 0, 0, 0, 0, 0, 0, 0, 0, 0, 0, 0, 0, 0, 0, 0, 0, 0, 0, 0, 0, 0, 0, 0, 0
vect.size() = 5
1, 1, 1, 1, 1
0, 1, 2, 3, 4, 5, 6, 7, 8, 9
111, 222, 333, 444, 555, 666, 777
Swapping
111, 222, 333, 444, 555, 666, 777
0, 1, 2, 3, 4, 5, 6, 7, 8, 9
